BubbleSort
01. [5,(6),(1),8,4,2,3,9,7]
02. [5,1,6,(8),(4),2,3,9,7]
03. [5,1,6,4,(8),(2),3,9,7]
04. [5,1,6,4,2,(8),(3),9,7]
05. [5,1,6,4,2,3,8,(9),(7)]
06. [(5),(1),6,4,2,3,8,7,9]

07. [1,5,(6),(4),2,3,8,7,9]
08. [1,5,4,(6),(2),3,8,7,9]
09. [1,5,4,2,(6),(3),8,7,9]
10. [1,5,4,2,3,6,(8),(7),9]
11. [1,(5),(4),2,3,6,7,8,9]

12. [1,4,(5),(2),3,6,7,8,9]
13. [1,4,2,(5),(3),6,7,8,9]
14. [1,(4),(2),3,5,6,7,8,9]

15. [1,2,(4),(3),5,6,7,8,9]

16. [1,2,3,4,5,6,7,8,9]

InsertionSort
01. [5,(6),(1),8,4,2,3,9,7]
02. [(5),(1),6,8,4,2,3,9,7]
03. [1,5,6,(8),(4),2,3,9,7]

04. [1,5,(6),(4),8,2,3,9,7]
05. [1,(5),(4),6,8,2,3,9,7]
06. [1,4,5,6,(8),(2),3,9,7]

07. [1,4,5,(6),(2),8,3,9,7]
08. [1,4,(5),(2),6,8,3,9,7]
09. [1,(4),(2),5,6,8,3,9,7]
10. [1,2,4,5,6,(8),(3),9,7]

11. [1,2,4,5,(6),(3),8,9,7]
12. [1,2,4,(5),(3),6,8,9,7]
13. [1,2,(4),(3),5,6,8,9,7]
14. [1,2,3,4,5,6,8,(9),(7)]

15. [1,2,3,4,5,6,(8),(7),9]

16. [1,2,3,4,5,6,7,8,9]

SelectionSort
01. [(5),6,(1),8,4,2,3,9,7]

02. [1,(6),5,8,4,(2),3,9,7]

03. [1,2,(5),8,4,6,(3),9,7]

04. [1,2,3,(8),(4),6,5,9,7]

05. [1,2,3,4,(8),6,(5),9,7]

06. [1,2,3,4,5,6,(8),9,(7)]

07. [1,2,3,4,5,6,7,(9),(8)]

08. [1,2,3,4,5,6,7,8,9]
